Target position:
	X: 10000.000000 
	Y: 1000.000000 
	Z: 10000.000000

Shooting Velocity: 217.060983	357.543481	217.060983

